time	E'	E"	tan(d)	Temp	E*	e	Force
s	Pa	Pa	 	°C	Pa	%	g
13	2.1871e+06	-22831.	-0.0104	34.09	2.1872e+06	0.01978	0.18527
23	2.4008e+06	1571.82	6.5470e-04	33.80	2.4008e+06	0.01978	0.20335
35	2.2734e+06	2.1726e+05	0.09557	31.94	2.2837e+06	0.01978	0.19347
48	2.2963e+06	43837.0	0.01909	29.88	2.2967e+06	0.01980	0.19472
60	1.9820e+06	1.6230e+05	0.08188	28.62	1.9886e+06	0.01977	0.16835
71	2.1474e+06	1.8246e+05	0.08497	29.24	2.1552e+06	0.01976	0.18238
84	2.1939e+06	1.7454e+05	0.07956	30.86	2.2008e+06	0.01977	0.18634
95	1.9659e+06	-77700.	-0.0395	32.01	1.9675e+06	0.01977	0.16658
105	2.0828e+06	34744.7	0.01668	32.93	2.0831e+06	0.01977	0.17635
115	2.0820e+06	1.2675e+05	0.06088	33.84	2.0858e+06	0.01977	0.17665
131	1.9976e+06	1.2178e+05	0.06097	35.28	2.0013e+06	0.01979	0.16964
147	1.9362e+06	73780.1	0.03811	36.72	1.9376e+06	0.01979	0.16423
158	1.7771e+06	1.3421e+05	0.07552	37.66	1.7821e+06	0.01979	0.15102
168	1.7303e+06	1.3483e+05	0.07792	38.52	1.7356e+06	0.01981	0.14723
178	1.9404e+06	73574.0	0.03792	39.41	1.9418e+06	0.01979	0.16455
191	1.8261e+06	2.6780e+05	0.14665	40.51	1.8456e+06	0.01982	0.15666
202	1.8540e+06	-14179.	-0.0076	41.42	1.8541e+06	0.01981	0.15732
215	1.8694e+06	1.0760e+05	0.05756	42.54	1.8725e+06	0.01982	0.15894
227	1.8342e+06	1.0392e+05	0.05666	43.54	1.8372e+06	0.01982	0.15597
239	1.6743e+06	90866.4	0.05427	44.55	1.6767e+06	0.01981	0.14224
251	1.7176e+06	71945.1	0.04189	45.53	1.7191e+06	0.01979	0.14572
263	1.7475e+06	1.9201e+05	0.10988	46.55	1.7580e+06	0.01982	0.14923
275	1.6953e+06	1.1815e+05	0.06969	47.57	1.6994e+06	0.01983	0.14430
286	1.8002e+06	-8995.4	-0.0050	48.48	1.8002e+06	0.01979	0.15258
298	1.6436e+06	2.3922e+05	0.14555	49.50	1.6609e+06	0.01982	0.14098
310	1.8167e+06	40752.4	0.02243	50.49	1.8172e+06	0.01979	0.15404
322	1.6743e+06	2367.17	0.00141	51.49	1.6743e+06	0.01982	0.14210
336	1.8995e+06	1.0127e+05	0.05332	52.66	1.9022e+06	0.01979	0.16126
348	1.8536e+06	1.3110e+05	0.07073	53.67	1.8583e+06	0.01982	0.15777
361	1.7914e+06	35555.1	0.01985	54.74	1.7918e+06	0.01980	0.15193
374	1.8786e+06	43586.0	0.02320	55.84	1.8791e+06	0.01982	0.15950
386	1.7084e+06	99313.8	0.05813	56.85	1.7113e+06	0.01981	0.14518
399	1.7818e+06	-51830.	-0.0291	57.93	1.7826e+06	0.01979	0.15111
412	1.7022e+06	36574.4	0.02149	59.03	1.7026e+06	0.01981	0.14448
426	1.7128e+06	24496.4	0.01430	60.19	1.7130e+06	0.01984	0.14553
441	1.7975e+06	86665.0	0.04822	61.45	1.7996e+06	0.01981	0.15269
453	1.8084e+06	34972.0	0.01934	62.44	1.8087e+06	0.01982	0.15354
467	1.8266e+06	1.6230e+05	0.08885	63.63	1.8338e+06	0.01982	0.15565
479	1.9375e+06	28303.8	0.01461	64.63	1.9377e+06	0.01984	0.16463
491	1.7989e+06	1.2757e+05	0.07092	65.63	1.8034e+06	0.01980	0.15296
504	1.8015e+06	1.2318e+05	0.06838	66.70	1.8057e+06	0.01984	0.15344
518	1.8365e+06	1.3041e+05	0.07101	67.90	1.8411e+06	0.01980	0.15616
534	1.7610e+06	2.5532e+05	0.14498	69.17	1.7795e+06	0.01983	0.15113
548	1.9489e+06	57850.6	0.02968	70.38	1.9498e+06	0.01980	0.16531
560	1.9275e+06	1.4685e+05	0.07619	71.40	1.9331e+06	0.01982	0.16412
572	1.8414e+06	58736.0	0.03190	72.40	1.8423e+06	0.01982	0.15640
585	1.8221e+06	31234.9	0.01714	73.50	1.8224e+06	0.01982	0.15472
598	1.8507e+06	36008.7	0.01946	74.59	1.8511e+06	0.01980	0.15698
610	1.8545e+06	20739.2	0.01118	75.57	1.8546e+06	0.01981	0.15738
623	1.9959e+06	1.0360e+05	0.05191	76.63	1.9986e+06	0.01980	0.16951
639	1.9413e+06	-34038.	-0.0175	78.00	1.9416e+06	0.01982	0.16478
653	1.8565e+06	1.6959e+05	0.09135	79.17	1.8642e+06	0.01980	0.15805
667	1.8414e+06	73959.9	0.04017	80.33	1.8429e+06	0.01982	0.15640
682	1.9735e+06	43932.2	0.02226	81.56	1.9740e+06	0.01979	0.16735
697	1.9273e+06	38280.0	0.01986	82.79	1.9277e+06	0.01981	0.16357
709	1.9827e+06	-5402.7	-0.0027	83.85	1.9827e+06	0.01979	0.16804
724	1.8874e+06	1.2303e+05	0.06519	85.04	1.8914e+06	0.01982	0.16052
738	1.9398e+06	-65739.	-0.0339	86.22	1.9409e+06	0.01980	0.16462
750	2.0898e+06	2.0810e+05	0.09958	87.24	2.1002e+06	0.01982	0.17830
762	1.9704e+06	61209.0	0.03106	88.24	1.9714e+06	0.01980	0.16714
775	2.0560e+06	1.8293e+05	0.08897	89.34	2.0641e+06	0.01982	0.17519
788	1.9880e+06	67604.8	0.03401	90.42	1.9891e+06	0.01981	0.16877
800	1.9674e+06	82419.0	0.04189	91.43	1.9691e+06	0.01979	0.16685
812	1.9574e+06	1.1985e+05	0.06123	92.44	1.9611e+06	0.01980	0.16634
828	2.0702e+06	10303.6	0.00498	93.74	2.0702e+06	0.01978	0.17541
841	2.1649e+06	14284.4	0.00660	94.82	2.1650e+06	0.01980	0.18359
853	1.9341e+06	-16203.	-0.0084	95.85	1.9341e+06	0.01980	0.16400
865	2.0182e+06	1.1184e+05	0.05541	96.84	2.0213e+06	0.01982	0.17161
876	1.9367e+06	29064.3	0.01501	97.79	1.9369e+06	0.01980	0.16427
888	2.0621e+06	2.1315e+05	0.10336	98.78	2.0731e+06	0.01981	0.17587
900	2.0583e+06	1.2708e+05	0.06174	99.76	2.0623e+06	0.01980	0.17492
916	2.0387e+06	-42464.	-0.0208	101.10	2.0392e+06	0.01979	0.17280
930	1.9644e+06	-1.590e+05	-0.0809	102.27	1.9708e+06	0.01980	0.16713
942	1.9434e+06	-51018.	-0.0263	103.28	1.9440e+06	0.01979	0.16479
954	1.9927e+06	90912.5	0.04562	104.29	1.9948e+06	0.01981	0.16923
966	2.0138e+06	37381.9	0.01856	105.29	2.0141e+06	0.01980	0.17075
977	1.9566e+06	2.4234e+05	0.12386	106.27	1.9716e+06	0.01979	0.16710
989	2.1294e+06	62147.4	0.02918	107.28	2.1304e+06	0.01981	0.18073
1003	1.9289e+06	1.4644e+05	0.07592	108.39	1.9345e+06	0.01980	0.16404
1019	2.2107e+06	-16932.	-0.0077	109.79	2.2107e+06	0.01980	0.18746
1031	2.0822e+06	99733.1	0.04790	110.78	2.0845e+06	0.01980	0.17674
1044	2.0388e+06	17203.4	0.00844	111.88	2.0389e+06	0.01981	0.17299
1056	1.9633e+06	1.5543e+05	0.07917	112.82	1.9694e+06	0.01980	0.16701
1068	2.0359e+06	-66833.	-0.0328	113.82	2.0370e+06	0.01979	0.17265
1080	2.0816e+06	1.5431e+05	0.07413	114.83	2.0873e+06	0.01981	0.17711
1092	2.0730e+06	2825.57	0.00136	115.89	2.0730e+06	0.01980	0.17576
1106	2.1828e+06	1.6261e+05	0.07449	117.07	2.1888e+06	0.01981	0.18572
1118	2.0605e+06	1.3648e+05	0.06624	118.07	2.0650e+06	0.01980	0.17515
1132	1.9565e+06	34176.3	0.01747	119.21	1.9568e+06	0.01979	0.16589
1148	2.0260e+06	68861.7	0.03399	120.50	2.0272e+06	0.01981	0.17195
1160	2.2148e+06	52924.5	0.02390	121.58	2.2155e+06	0.01979	0.18782
1172	2.1995e+06	99136.1	0.04507	122.59	2.2017e+06	0.01982	0.18687
1184	2.2283e+06	-19881.	-0.0089	123.58	2.2284e+06	0.01979	0.18885
1198	2.0287e+06	52878.6	0.02607	124.76	2.0294e+06	0.01978	0.17189
1210	2.1328e+06	61579.7	0.02887	125.73	2.1337e+06	0.01980	0.18098
1222	2.1516e+06	50419.8	0.02343	126.70	2.1522e+06	0.01978	0.18237
1236	2.0779e+06	-1327.2	-6.387e-04	127.93	2.0779e+06	0.01980	0.17621
1250	2.0666e+06	-69628.	-0.0337	129.10	2.0678e+06	0.01980	0.17532
1265	2.1669e+06	75167.3	0.03469	130.35	2.1683e+06	0.01982	0.18403
1278	2.1347e+06	1.0555e+05	0.04945	131.46	2.1373e+06	0.01980	0.18124
1290	2.0657e+06	1.0090e+05	0.04885	132.43	2.0682e+06	0.01981	0.17548
1305	2.1667e+06	59819.9	0.02761	133.71	2.1675e+06	0.01979	0.18373
1317	2.0366e+06	31517.9	0.01548	134.69	2.0368e+06	0.01978	0.17255
1333	2.1698e+06	-74844.	-0.0345	136.06	2.1711e+06	0.01980	0.18410
1345	2.2087e+06	1.0061e+05	0.04555	137.10	2.2110e+06	0.01980	0.18753
1360	2.1005e+06	3.1313e+05	0.14907	138.29	2.1237e+06	0.01980	0.18009
1374	2.2448e+06	66811.0	0.02976	139.50	2.2458e+06	0.01978	0.19026
1387	2.2666e+06	80537.4	0.03553	140.59	2.2680e+06	0.01982	0.19249