time	E'	E"	tan(d)	Temp	E*	Force	e
s	Pa	Pa	 	°C	Pa	g	%
14	8.0531e+06	3.3426e+06	0.41507	30.02	8.7193e+06	0.42899	0.01969
24	7.9430e+06	3.4120e+06	0.42955	29.57	8.6448e+06	0.42502	0.01968
36	8.0452e+06	3.3922e+06	0.42164	29.12	8.7311e+06	0.42944	0.01969
46	8.0368e+06	3.4353e+06	0.42745	28.84	8.7402e+06	0.42974	0.01968
59	7.5369e+06	3.2681e+06	0.43361	28.77	8.2150e+06	0.40446	0.01971
70	6.9311e+06	3.4152e+06	0.49274	29.56	7.7268e+06	0.38041	0.01971
83	6.5485e+06	2.7946e+06	0.42676	30.88	7.1199e+06	0.35110	0.01974
94	6.4920e+06	3.0010e+06	0.46227	31.93	7.1521e+06	0.35273	0.01974
104	6.0134e+06	2.7446e+06	0.45641	32.84	6.6101e+06	0.32602	0.01974
114	5.4283e+06	2.6435e+06	0.48699	33.77	6.0378e+06	0.29833	0.01978
129	5.0793e+06	2.5174e+06	0.49563	35.11	5.6689e+06	0.27996	0.01977
140	4.7536e+06	2.4558e+06	0.51662	36.10	5.3504e+06	0.26435	0.01978
152	4.3966e+06	2.3382e+06	0.53182	37.13	4.9797e+06	0.24624	0.01979
166	3.7995e+06	2.1994e+06	0.57886	38.35	4.3902e+06	0.21710	0.01979
178	3.6177e+06	2.0611e+06	0.56973	39.37	4.1636e+06	0.20626	0.01983
190	3.2929e+06	2.1665e+06	0.65792	40.39	3.9417e+06	0.19536	0.01984
205	2.9643e+06	1.8031e+06	0.60827	41.65	3.4696e+06	0.17190	0.01983
217	2.6179e+06	2.0148e+06	0.76961	42.66	3.3035e+06	0.16374	0.01984
231	2.4004e+06	1.8144e+06	0.75586	43.85	3.0090e+06	0.14938	0.01987
247	2.3624e+06	1.6181e+06	0.68496	45.19	2.8634e+06	0.14211	0.01986
259	2.2641e+06	1.5914e+06	0.70291	46.17	2.7674e+06	0.13750	0.01989
271	1.8748e+06	1.2492e+06	0.66631	47.17	2.2529e+06	0.11204	0.01991
283	1.8531e+06	1.1572e+06	0.62444	48.17	2.1847e+06	0.10849	0.01988
295	1.7441e+06	1.0503e+06	0.60222	49.19	2.0359e+06	0.10102	0.01986
307	1.4757e+06	1.0646e+06	0.72144	50.18	1.8196e+06	0.09046	0.01990
318	1.3448e+06	8.2371e+05	0.61252	51.11	1.5770e+06	0.07846	0.01991
331	1.5095e+06	1.0466e+06	0.69334	52.18	1.8369e+06	0.09128	0.01989
342	1.1571e+06	9.2999e+05	0.80374	53.09	1.4845e+06	0.07379	0.01990
353	1.3519e+06	8.9475e+05	0.66185	54.02	1.6212e+06	0.08059	0.01990
363	1.1179e+06	4.6274e+05	0.41394	54.84	1.2099e+06	0.06019	0.01991
373	1.0988e+06	7.0200e+05	0.63887	55.69	1.3039e+06	0.06483	0.01990
385	8.9552e+05	5.0573e+05	0.56474	56.67	1.0285e+06	0.05113	0.01990
396	8.4311e+05	5.7428e+05	0.68114	57.58	1.0201e+06	0.05073	0.01991
407	9.9002e+05	3.6511e+05	0.36879	58.50	1.0552e+06	0.05248	0.01991
418	8.2192e+05	6.0033e+05	0.73040	59.40	1.0178e+06	0.05063	0.01991
428	6.0578e+05	95362.9	0.15742	60.27	6.1324e+05	0.03050	0.01991
439	5.1552e+05	3.5596e+05	0.69049	61.15	6.2647e+05	0.03117	0.01991
449	7.7831e+05	3.0962e+05	0.39780	61.98	8.3764e+05	0.04169	0.01992
463	6.2922e+05	2.5639e+05	0.40747	63.17	6.7945e+05	0.03381	0.01992
474	6.5252e+05	3.6126e+05	0.55364	64.09	7.4585e+05	0.03711	0.01991
484	5.9253e+05	3.5855e+05	0.60512	64.92	6.9257e+05	0.03449	0.01993
495	4.9723e+05	64491.2	0.12970	65.83	5.0140e+05	0.02497	0.01993
506	4.6803e+05	1.3075e+05	0.27937	66.73	4.8595e+05	0.02419	0.01993
517	7.3939e+05	4.2242e+05	0.57131	67.68	8.5155e+05	0.04237	0.01991
528	5.9586e+05	1.6254e+05	0.27279	68.59	6.1764e+05	0.03075	0.01993
538	4.3508e+05	1.3414e+05	0.30832	69.41	4.5529e+05	0.02266	0.01992
551	6.9236e+05	2.4126e+05	0.34845	70.51	7.3319e+05	0.03651	0.01993
563	5.7111e+05	-82301.	-0.1441	71.51	5.7701e+05	0.02873	0.01993
573	4.5879e+05	1.6541e+05	0.36054	72.32	4.8769e+05	0.02429	0.01994
584	3.9641e+05	2.6381e+05	0.66550	73.26	4.7616e+05	0.02372	0.01994
594	4.7168e+05	81104.7	0.17195	74.08	4.7860e+05	0.02381	0.01991
604	4.8525e+05	1.1766e+05	0.24248	74.92	4.9931e+05	0.02484	0.01992
615	1.9018e+05	1.3377e+05	0.70340	75.83	2.3252e+05	0.01159	0.01995
627	5.2980e+05	2.2203e+05	0.41909	76.86	5.7444e+05	0.02861	0.01993
643	3.9652e+05	2.6555e+05	0.66970	78.16	4.7722e+05	0.02377	0.01994
655	4.0969e+05	2.1269e+05	0.51916	79.17	4.6161e+05	0.02298	0.01993
669	4.1206e+05	1096.44	0.00266	80.31	4.1206e+05	0.02051	0.01992
681	3.7499e+05	-71188.	-0.1898	81.35	3.8169e+05	0.01898	0.01991
694	3.4368e+05	7579.93	0.02205	82.45	3.4377e+05	0.01710	0.01991
706	6.4111e+05	1.2355e+05	0.19272	83.46	6.5291e+05	0.03248	0.01991
719	4.8389e+05	2.7897e+05	0.57651	84.54	5.5855e+05	0.02782	0.01994
732	3.7501e+05	1.3792e+05	0.36778	85.64	3.9956e+05	0.01990	0.01994
744	3.4736e+05	-1.111e+05	-0.3198	86.65	3.6469e+05	0.01814	0.01992
757	3.7042e+05	-2.411e+05	-0.6508	87.71	4.4195e+05	0.02200	0.01992
770	1.4409e+05	-89272.	-0.6196	88.80	1.6950e+05	0.00843	0.01991
782	4.6909e+05	1.1590e+05	0.24707	89.87	4.8320e+05	0.02407	0.01994
795	6.3699e+05	-2.929e+05	-0.4598	90.95	7.0110e+05	0.03492	0.01994
808	6.7929e+05	1.0728e+05	0.15794	92.03	6.8771e+05	0.03428	0.01995
821	4.6395e+05	1.0998e+05	0.23706	93.11	4.7680e+05	0.02374	0.01993
837	3.6123e+05	2.6821e+05	0.74251	94.46	4.4991e+05	0.02243	0.01995
850	1.5672e+05	56884.4	0.36298	95.53	1.6672e+05	0.00829	0.01991
864	3.9315e+05	-24229.	-0.0616	96.67	3.9390e+05	0.01958	0.01990
877	5.0834e+05	-1.605e+05	-0.3157	97.86	5.3308e+05	0.02654	0.01993
890	6.4034e+05	1.2494e+05	0.19511	98.95	6.5241e+05	0.03246	0.01992
903	1.5530e+05	-1.951e+05	-1.2561	100.00	2.4935e+05	0.01243	0.01995
916	2.6637e+05	76781.2	0.28825	101.08	2.7722e+05	0.01378	0.01989
929	5.0892e+05	-1.522e+05	-0.2990	102.19	5.3118e+05	0.02641	0.01990
942	1.6570e+05	96280.8	0.58107	103.30	1.9164e+05	0.00954	0.01993
958	1.8118e+05	-1.203e+05	-0.6640	104.62	2.1749e+05	0.01083	0.01994
971	2.5230e+05	-32924.	-0.1305	105.68	2.5444e+05	0.01267	0.01993
984	2.9663e+05	1.3105e+05	0.44181	106.79	3.2429e+05	0.01615	0.01993
998	1.2482e+05	-37533.	-0.3007	107.94	1.3034e+05	0.00648	0.01990
1011	2.6477e+05	74328.6	0.28073	109.05	2.7500e+05	0.01367	0.01990
1023	3.3026e+05	34709.6	0.10510	110.03	3.3208e+05	0.01651	0.01990
1036	78221.3	-34641.	-0.4429	111.10	85548.5	0.00426	0.01995
1053	3.1505e+05	51918.6	0.16479	112.53	3.1930e+05	0.01592	0.01995
1069	4.7402e+05	1.7405e+05	0.36718	113.86	5.0497e+05	0.02494	0.01977
1083	1.7266e+05	1.2239e+05	0.70885	115.00	2.1164e+05	0.01046	0.01979
1096	2.1468e+05	1.6075e+05	0.74876	116.09	2.6819e+05	0.01325	0.01978
1109	1.8937e+05	99545.4	0.52567	117.10	2.1394e+05	0.01057	0.01978
1125	1.2930e+05	-72078.	-0.5575	118.40	1.4803e+05	0.00731	0.01977
1138	3.5190e+05	39683.5	0.11277	119.42	3.5413e+05	0.01750	0.01978
1150	1.1400e+05	6905.86	0.06058	120.38	1.1421e+05	0.00565	0.01980
1167	1.0496e+05	-1.026e+05	-0.9778	121.82	1.4680e+05	0.00725	0.01976
1177	2.6317e+05	-1.120e+05	-0.4257	122.65	2.8602e+05	0.01412	0.01976
1191	4.9090e+05	87914.4	0.17909	123.77	4.9871e+05	0.02464	0.01977
1203	3.7251e+05	-2.544e+05	-0.6828	124.83	4.5107e+05	0.02227	0.01976
1215	5.7982e+05	1.0374e+05	0.17892	125.80	5.8903e+05	0.02908	0.01976
1228	5.4071e+05	-47948.	-0.0887	126.87	5.4283e+05	0.02680	0.01976
1243	3.1373e+05	-3.800e+05	-1.2111	128.11	4.9275e+05	0.02432	0.01976
1256	3.6107e+05	60676.6	0.16805	129.16	3.6614e+05	0.01808	0.01976
1268	3.9600e+05	1.2010e+05	0.30328	130.16	4.1381e+05	0.02043	0.01976
1280	3.1412e+05	-1.942e+05	-0.6183	131.15	3.6931e+05	0.01825	0.01978
1292	6.9848e+05	2.4257e+05	0.34729	132.16	7.3940e+05	0.03651	0.01976
1304	4.6630e+05	-2592.0	-0.0056	133.19	4.6630e+05	0.02305	0.01979
1316	3.6602e+05	2.0806e+05	0.56843	134.21	4.2103e+05	0.02080	0.01978
1330	3.3780e+05	3.3643e+05	0.99595	135.32	4.7676e+05	0.02354	0.01976
1345	3.9049e+05	44365.2	0.11361	136.59	3.9300e+05	0.01941	0.01977
1357	5.6295e+05	41237.8	0.07325	137.63	5.6446e+05	0.02786	0.01976
1367	4.5560e+05	69442.3	0.15242	138.42	4.6087e+05	0.02277	0.01977
1379	4.6840e+05	-60742.	-0.1297	139.43	4.7232e+05	0.02331	0.01975
1391	2.0686e+05	2.2083e+05	1.06757	140.40	3.0259e+05	0.01495	0.01978