time	E'	E"	tan(d)	Temp	E*	e	Force
s	Pa	Pa	 	°C	Pa	%	g
14	1.0300e+07	4.8034e+06	0.46634	31.01	1.1365e+07	0.01941	0.40495
27	1.1571e+07	5.2000e+06	0.44940	29.54	1.2686e+07	0.01939	0.45152
40	1.1391e+07	5.5343e+06	0.48584	28.16	1.2665e+07	0.01938	0.45039
54	1.1094e+07	4.4200e+06	0.39840	27.77	1.1942e+07	0.01940	0.42529
66	9.3785e+06	4.6880e+06	0.49986	29.08	1.0485e+07	0.01944	0.37414
77	9.3785e+06	4.5411e+06	0.48420	30.37	1.0420e+07	0.01945	0.37198
88	9.2779e+06	4.7904e+06	0.51632	31.43	1.0442e+07	0.01947	0.37311
99	8.4610e+06	3.8595e+06	0.45615	32.39	9.2996e+06	0.01948	0.33254
109	7.6435e+06	4.1198e+06	0.53900	33.31	8.6831e+06	0.01950	0.31082
121	7.5907e+06	3.6214e+06	0.47709	34.39	8.4103e+06	0.01952	0.30140
134	6.6274e+06	3.5696e+06	0.53861	35.53	7.5276e+06	0.01953	0.26986
144	5.9471e+06	3.0076e+06	0.50573	36.39	6.6643e+06	0.01957	0.23942
158	5.8718e+06	3.1023e+06	0.52834	37.54	6.6410e+06	0.01957	0.23854
169	5.8198e+06	3.1334e+06	0.53840	38.51	6.6097e+06	0.01959	0.23770
181	4.7662e+06	3.0322e+06	0.63617	39.53	5.6490e+06	0.01961	0.20329
191	4.6792e+06	2.9154e+06	0.62305	40.38	5.5131e+06	0.01962	0.19855
201	4.7355e+06	2.5828e+06	0.54541	41.23	5.3941e+06	0.01963	0.19435
212	4.3220e+06	2.3398e+06	0.54137	42.14	4.9147e+06	0.01963	0.17709
223	3.8139e+06	2.0817e+06	0.54583	43.05	4.3450e+06	0.01965	0.15672
234	3.5040e+06	2.3348e+06	0.66632	43.97	4.2106e+06	0.01966	0.15191
244	3.1206e+06	2.0931e+06	0.67074	44.79	3.7576e+06	0.01967	0.13566
254	2.7457e+06	1.8375e+06	0.66924	45.61	3.3039e+06	0.01968	0.11935
266	2.7745e+06	1.8661e+06	0.67261	46.63	3.3437e+06	0.01970	0.12093
276	2.4604e+06	1.5103e+06	0.61383	47.47	2.8870e+06	0.01971	0.10445
288	2.3422e+06	1.4972e+06	0.63922	48.49	2.7798e+06	0.01970	0.10050
299	2.0908e+06	1.5371e+06	0.73516	49.41	2.5950e+06	0.01970	0.09385
309	1.8670e+06	1.3713e+06	0.73452	50.25	2.3165e+06	0.01970	0.08378
320	2.0367e+06	1.1860e+06	0.58231	51.15	2.3569e+06	0.01972	0.08532
330	1.4866e+06	1.2957e+06	0.87159	51.99	1.9720e+06	0.01973	0.07140
340	1.6791e+06	1.3215e+06	0.78702	52.83	2.1367e+06	0.01972	0.07735
351	1.4442e+06	9.0981e+05	0.62998	53.76	1.7069e+06	0.01972	0.06179
362	1.2674e+06	1.1435e+06	0.90219	54.61	1.7070e+06	0.01973	0.06181
373	1.3921e+06	9.4194e+05	0.67664	55.57	1.6808e+06	0.01974	0.06090
383	9.4176e+05	9.9481e+05	1.05634	56.40	1.3699e+06	0.01975	0.04965
393	8.5646e+05	6.8995e+05	0.80559	57.22	1.0998e+06	0.01975	0.03987
404	1.1814e+06	6.5583e+05	0.55513	58.15	1.3512e+06	0.01975	0.04899
414	1.0332e+06	5.5630e+05	0.53841	58.97	1.1735e+06	0.01975	0.04255
425	1.1683e+06	6.7027e+05	0.57369	59.88	1.3469e+06	0.01974	0.04881
435	1.2261e+06	6.4151e+05	0.52322	60.69	1.3838e+06	0.01977	0.05020
446	1.0158e+06	5.6625e+05	0.55746	61.62	1.1629e+06	0.01975	0.04217
460	6.4898e+05	4.5256e+05	0.69734	62.83	7.9119e+05	0.01977	0.02871
473	3.6247e+05	1.2477e+05	0.34421	63.90	3.8334e+05	0.01976	0.01390
484	8.1927e+05	7.6930e+05	0.93900	64.84	1.1238e+06	0.01976	0.04077
495	5.5338e+05	87582.6	0.15827	65.74	5.6026e+05	0.01975	0.02031
505	5.4124e+05	2.5735e+05	0.47548	66.58	5.9931e+05	0.01975	0.02173
516	1.0069e+06	2.5667e+05	0.25491	67.48	1.0391e+06	0.01975	0.03767
526	3.9206e+05	1.4671e+05	0.37420	68.28	4.1861e+05	0.01976	0.01518
537	9.4063e+05	4.4331e+05	0.47129	69.23	1.0399e+06	0.01976	0.03771
549	6.0185e+05	2.8763e+05	0.47792	70.23	6.6705e+05	0.01976	0.02420
559	4.8520e+05	82916.5	0.17089	71.08	4.9224e+05	0.01976	0.01785
570	6.5381e+05	1.0686e+05	0.16345	71.98	6.6249e+05	0.01975	0.02402
582	4.6519e+05	4.6121e+05	0.99144	72.92	6.5507e+05	0.01977	0.02377
593	5.4121e+05	-6349.6	-0.0117	73.88	5.4125e+05	0.01976	0.01963
603	4.9381e+05	2.3345e+05	0.47276	74.71	5.4621e+05	0.01977	0.01982
615	5.3696e+05	58778.5	0.10947	75.72	5.4017e+05	0.01976	0.01959
628	8.3960e+05	4.5198e+05	0.53833	76.81	9.5353e+05	0.01977	0.03460
640	1.8739e+05	-16726.	-0.0893	77.78	1.8814e+05	0.01978	0.00683
653	7.3295e+05	-93687.	-0.1278	78.90	7.3891e+05	0.01976	0.02679
665	5.2504e+05	1.8207e+05	0.34678	79.90	5.5571e+05	0.01977	0.02016
678	6.5773e+05	4.1489e+05	0.63078	80.96	7.7765e+05	0.01977	0.02822
690	8.4541e+05	4.2965e+05	0.50822	81.96	9.4832e+05	0.01976	0.03439
703	94515.6	-1.322e+05	-1.3986	83.04	1.6250e+05	0.01977	0.00590
717	5.2937e+05	1.4636e+05	0.27647	84.22	5.4923e+05	0.01977	0.01993
730	6.4782e+05	-71737.	-0.1107	85.29	6.5178e+05	0.01976	0.02364
746	1.8890e+05	-1.600e+05	-0.8469	86.60	2.4753e+05	0.01978	0.00899
758	3.6078e+05	3.4938e+05	0.96842	87.56	5.0222e+05	0.01977	0.01822
771	3.9317e+05	2.5122e+05	0.63896	88.68	4.6658e+05	0.01978	0.01694
783	4.7923e+05	3.2521e+05	0.67861	89.66	5.7916e+05	0.01977	0.02102
796	6.8063e+05	-40133.	-0.0590	90.71	6.8182e+05	0.01979	0.02476
808	5.6195e+05	3.9212e+05	0.69779	91.70	6.8523e+05	0.01976	0.02486
821	3.5145e+05	85696.7	0.24383	92.80	3.6175e+05	0.01976	0.01312
834	6.2051e+05	39141.4	0.06308	93.86	6.2174e+05	0.01976	0.02255
846	3.7395e+05	-1.294e+05	-0.3460	94.86	3.9571e+05	0.01977	0.01436
860	3.3233e+05	-2.498e+05	-0.7518	95.98	4.1577e+05	0.01977	0.01509
873	3.0220e+05	-1.722e+05	-0.5697	97.10	3.4779e+05	0.01978	0.01263
885	-18386.	1.8119e+05	-9.8548	98.09	1.8212e+05	0.01976	0.00661
898	1.6518e+05	97305.3	0.58910	99.13	1.9171e+05	0.01976	0.00695
911	3.5723e+05	2.1117e+05	0.59112	100.23	4.1498e+05	0.01977	0.01506
924	7.1786e+05	-3.613e+05	-0.5033	101.33	8.0367e+05	0.01975	0.02913
936	42658.4	-46527.	-1.0907	102.28	63122.8	0.01977	0.00229
949	2.7358e+05	3.7133e+05	1.35728	103.36	4.6123e+05	0.01977	0.01673
965	4.5345e+05	-90673.	-0.2000	104.67	4.6243e+05	0.01977	0.01678
978	7.6575e+05	2.7249e+05	0.35585	105.74	8.1279e+05	0.01975	0.02946
990	4.7686e+05	-1.111e+05	-0.2330	106.72	4.8962e+05	0.01977	0.01777
1003	2.6832e+05	2.2462e+05	0.83714	107.77	3.4993e+05	0.01977	0.01270
1020	4.8865e+05	-1.480e+05	-0.3029	109.15	5.1057e+05	0.01975	0.01851
1034	5.6734e+05	31557.7	0.05562	110.34	5.6822e+05	0.01974	0.02059
1047	5.0968e+05	34275.0	0.06725	111.40	5.1083e+05	0.01976	0.01853
1060	1.8255e+05	1.4953e+05	0.81911	112.47	2.3597e+05	0.01979	0.00857
1076	30632.5	2.1710e+05	7.08734	113.80	2.1925e+05	0.01978	0.00796
1090	2.1370e+05	-1.140e+05	-0.5336	114.92	2.4222e+05	0.01977	0.00879
1103	1.5134e+05	-2.334e+05	-1.5421	115.95	2.7815e+05	0.01975	0.01008
1115	2.5561e+05	2.7390e+05	1.07154	116.95	3.7464e+05	0.01977	0.01359
1128	1.4300e+05	33490.0	0.23419	118.04	1.4687e+05	0.01976	0.00533
1141	2.8775e+05	-1.212e+05	-0.4210	119.07	3.1221e+05	0.01978	0.01134
1155	1.3589e+05	-2.427e+05	-1.7861	120.19	2.7817e+05	0.01977	0.01009
1168	3.4615e+05	-2.946e+05	-0.8510	121.28	4.5453e+05	0.01976	0.01648
1180	1.3786e+05	1.9543e+05	1.41756	122.26	2.3916e+05	0.01976	0.00867
1193	7.3815e+05	1.1766e+05	0.15940	123.36	7.4747e+05	0.01974	0.02708
1205	4.8969e+05	2.2019e+05	0.44965	124.36	5.3691e+05	0.01976	0.01947
1217	5.4736e+05	-2.588e+05	-0.4729	125.36	6.0548e+05	0.01976	0.02196
1230	4.0217e+05	33521.8	0.08335	126.44	4.0356e+05	0.01975	0.01463
1242	4.4698e+05	-1.882e+05	-0.4210	127.42	4.8497e+05	0.01975	0.01758
1254	8.4395e+05	1.7535e+05	0.20777	128.43	8.6197e+05	0.01974	0.03123
1266	8.3491e+05	-4.876e+05	-0.5840	129.40	9.6686e+05	0.01976	0.03507
1279	4.8905e+05	-1.129e+05	-0.2309	130.51	5.0192e+05	0.01974	0.01818
1291	9.4904e+05	-1.208e+05	-0.1273	131.50	9.5670e+05	0.01972	0.03463
1303	1.0375e+06	86186.0	0.08307	132.52	1.0411e+06	0.01973	0.03769
1314	8.0558e+05	-1.804e+05	-0.2239	133.46	8.2552e+05	0.01975	0.02992
1326	4.0664e+05	-16311.	-0.0401	134.46	4.0696e+05	0.01973	0.01474
1338	8.7628e+05	3.6559e+05	0.41721	135.45	9.4948e+05	0.01975	0.03441
1349	6.6551e+05	1.5006e+05	0.22548	136.38	6.8221e+05	0.01975	0.02474
1361	9.1922e+05	46948.8	0.05107	137.35	9.2042e+05	0.01976	0.03338
1371	5.3654e+05	1.8769e+05	0.34981	138.17	5.6842e+05	0.01974	0.02059
1383	2.7553e+05	-1.321e+05	-0.4794	139.20	3.0555e+05	0.01973	0.01107