time	E'	E"	tan(d)	Temp	E*	Force	e
s	Pa	Pa	 	°C	Pa	g	%
14	2.5611e+06	1.7751e+06	0.69312	34.61	3.1161e+06	0.26360	0.01975
26	2.9566e+06	1.7596e+06	0.59515	33.64	3.4406e+06	0.29047	0.01971
42	3.4871e+06	1.9651e+06	0.56353	30.89	4.0027e+06	0.33773	0.01970
55	3.7212e+06	2.2570e+06	0.60651	28.91	4.3522e+06	0.36713	0.01970
67	3.6458e+06	2.0708e+06	0.56801	28.76	4.1928e+06	0.35329	0.01967
80	3.3268e+06	1.9868e+06	0.59722	30.36	3.8749e+06	0.32729	0.01972
92	2.9941e+06	1.7152e+06	0.57285	31.73	3.4506e+06	0.29149	0.01972
104	2.9245e+06	2.0367e+06	0.69643	32.82	3.5638e+06	0.30094	0.01972
117	2.6405e+06	1.8325e+06	0.69398	34.02	3.2141e+06	0.27179	0.01974
130	2.4278e+06	1.8803e+06	0.77451	35.21	3.0708e+06	0.26013	0.01978
142	2.3134e+06	1.6617e+06	0.71830	36.29	2.8483e+06	0.24118	0.01977
154	2.1320e+06	1.5712e+06	0.73695	37.34	2.6484e+06	0.22445	0.01979
167	2.0062e+06	1.3863e+06	0.69100	38.44	2.4386e+06	0.20700	0.01982
180	1.9047e+06	1.4394e+06	0.75570	39.55	2.3874e+06	0.20253	0.01981
192	1.6477e+06	1.3328e+06	0.80887	40.57	2.1193e+06	0.17983	0.01981
207	1.4425e+06	1.1996e+06	0.83164	41.82	1.8761e+06	0.15948	0.01985
219	1.4330e+06	1.2561e+06	0.87654	42.83	1.9056e+06	0.16179	0.01982
231	1.3127e+06	1.2080e+06	0.92021	43.86	1.7840e+06	0.15149	0.01983
244	1.0774e+06	8.1317e+05	0.75475	44.94	1.3498e+06	0.11491	0.01988
256	1.1556e+06	8.8213e+05	0.76332	45.94	1.4538e+06	0.12376	0.01988
268	9.3689e+05	7.2807e+05	0.77711	46.93	1.1865e+06	0.10103	0.01988
280	8.0232e+05	7.2247e+05	0.90048	47.94	1.0797e+06	0.09191	0.01988
291	7.8760e+05	6.5432e+05	0.83077	48.86	1.0239e+06	0.08715	0.01987
305	6.7722e+05	6.6895e+05	0.98779	50.03	9.5190e+05	0.08107	0.01989
315	6.2050e+05	6.4085e+05	1.03279	50.87	8.9202e+05	0.07600	0.01989
325	6.9456e+05	4.7859e+05	0.68905	51.71	8.4349e+05	0.07185	0.01989
336	5.7381e+05	4.0539e+05	0.70650	52.64	7.0257e+05	0.05981	0.01988
350	6.1796e+05	2.9923e+05	0.48423	53.81	6.8660e+05	0.05850	0.01989
362	6.3435e+05	4.4898e+05	0.70777	54.81	7.7716e+05	0.06621	0.01989
375	4.4200e+05	4.5887e+05	1.03815	55.87	6.3712e+05	0.05432	0.01991
385	5.1974e+05	4.2731e+05	0.82215	56.70	6.7285e+05	0.05737	0.01991
396	4.6891e+05	4.4678e+05	0.95280	57.61	6.4768e+05	0.05518	0.01989
406	2.9657e+05	4.4869e+05	1.51292	58.46	5.3784e+05	0.04585	0.01990
419	3.3939e+05	2.7048e+05	0.79698	59.56	4.3399e+05	0.03701	0.01991
430	3.4501e+05	2.9464e+05	0.85399	60.50	4.5370e+05	0.03866	0.01990
440	4.7933e+05	1.9996e+05	0.41717	61.35	5.1937e+05	0.04430	0.01991
452	3.1679e+05	2.4164e+05	0.76277	62.34	3.9843e+05	0.03397	0.01991
462	3.1942e+05	1.9627e+05	0.61445	63.17	3.7490e+05	0.03196	0.01990
474	2.9380e+05	77798.3	0.26480	64.19	3.0393e+05	0.02590	0.01990
485	3.8493e+05	2.0744e+05	0.53890	65.09	4.3727e+05	0.03727	0.01990
495	2.6413e+05	54748.8	0.20728	65.91	2.6975e+05	0.02298	0.01990
506	3.0586e+05	1.7255e+05	0.56415	66.86	3.5117e+05	0.02993	0.01990
517	1.7096e+05	1.9387e+05	1.13398	67.73	2.5848e+05	0.02203	0.01990
527	2.4973e+05	41037.4	0.16433	68.61	2.5308e+05	0.02158	0.01991
538	3.8725e+05	-4024.7	-0.0104	69.52	3.8727e+05	0.03299	0.01989
548	3.2124e+05	40490.3	0.12605	70.33	3.2378e+05	0.02761	0.01991
559	2.8973e+05	23207.1	0.08010	71.26	2.9066e+05	0.02477	0.01990
569	3.0482e+05	27366.1	0.08978	72.11	3.0604e+05	0.02608	0.01990
579	3.2529e+05	5691.24	0.01750	72.93	3.2534e+05	0.02775	0.01992
590	3.5509e+05	-1.478e+05	-0.4162	73.87	3.8462e+05	0.03280	0.01991
600	2.5101e+05	46101.4	0.18366	74.70	2.5521e+05	0.02175	0.01990
613	1.4247e+05	6990.75	0.04907	75.77	1.4264e+05	0.01217	0.01992
625	3.6965e+05	1.3622e+05	0.36852	76.78	3.9395e+05	0.03362	0.01993
641	2.6338e+05	20155.5	0.07653	78.10	2.6415e+05	0.02251	0.01990
654	3.3540e+05	-1.068e+05	-0.3183	79.19	3.5198e+05	0.02999	0.01989
667	3.6060e+05	97583.6	0.27061	80.24	3.7358e+05	0.03189	0.01993
679	2.3070e+05	1.3221e+05	0.57309	81.28	2.6589e+05	0.02268	0.01991
692	3.5213e+05	1.2562e+05	0.35674	82.35	3.7386e+05	0.03192	0.01993
705	2.8390e+05	9027.28	0.03180	83.43	2.8404e+05	0.02422	0.01991
719	2.4025e+05	37014.2	0.15406	84.65	2.4309e+05	0.02071	0.01989
732	2.4166e+05	44843.2	0.18556	85.66	2.4579e+05	0.02098	0.01993
744	2.3972e+05	-52270.	-0.2180	86.69	2.4535e+05	0.02091	0.01990
757	4.3311e+05	-46271.	-0.1068	87.74	4.3557e+05	0.03714	0.01991
770	3.1215e+05	22125.3	0.07088	88.83	3.1293e+05	0.02667	0.01990
783	3.5087e+05	-57808.	-0.1648	89.92	3.5560e+05	0.03032	0.01991
795	2.7569e+05	68428.0	0.24821	90.92	2.8406e+05	0.02426	0.01994
808	2.5308e+05	-2.208e+05	-0.8726	92.03	3.3588e+05	0.02868	0.01993
821	1.6281e+05	-2.692e+05	-1.6537	93.08	3.1464e+05	0.02681	0.01989
835	1.5280e+05	1.1919e+05	0.78008	94.22	1.9379e+05	0.01654	0.01993
847	-13289.	29376.0	-2.2106	95.20	32241.9	0.00275	0.01992
864	1.8890e+05	1.3340e+05	0.70619	96.62	2.3125e+05	0.01975	0.01994
877	3.8893e+05	-49849.	-0.1282	97.69	3.9211e+05	0.03317	0.01975
890	66628.1	-39464.	-0.5923	98.75	77438.6	0.00656	0.01977
906	2.9733e+05	2.3864e+05	0.80263	100.06	3.8125e+05	0.03227	0.01976
919	1.6692e+05	48002.5	0.28757	101.12	1.7369e+05	0.01470	0.01976
932	2.8432e+05	23244.5	0.08176	102.18	2.8527e+05	0.02414	0.01976
946	3.0085e+05	-74610.	-0.2480	103.34	3.0996e+05	0.02623	0.01976
964	1.9066e+05	-1.449e+05	-0.7600	104.77	2.3948e+05	0.02027	0.01976
978	1.2274e+05	-1.530e+05	-1.2468	105.89	1.9617e+05	0.01661	0.01977
991	-12204.	16443.6	-1.3474	106.92	20477.5	0.00173	0.01978
1006	28130.8	-1.873e+05	-6.6590	108.18	1.8942e+05	0.01603	0.01976
1020	1.0391e+05	39417.6	0.37934	109.31	1.1114e+05	0.00941	0.01976
1033	3.5201e+05	-27230.	-0.0774	110.37	3.5306e+05	0.02986	0.01975
1046	4.5214e+05	73751.3	0.16312	111.44	4.5811e+05	0.03872	0.01974
1056	2.2680e+05	-1.278e+05	-0.5637	112.28	2.6035e+05	0.02203	0.01975
1070	1.5335e+05	-1.055e+05	-0.6883	113.43	1.8616e+05	0.01576	0.01977
1082	1.0268e+05	1.0878e+05	1.05936	114.45	1.4959e+05	0.01266	0.01976
1095	-23138.	1.9743e+05	-8.5328	115.52	1.9878e+05	0.01683	0.01976
1107	3.0472e+05	-92127.	-0.3023	116.51	3.1834e+05	0.02694	0.01976
1120	3.1959e+05	1.1985e+05	0.37500	117.59	3.4133e+05	0.02887	0.01975
1134	4.0894e+05	56535.1	0.13825	118.72	4.1283e+05	0.03488	0.01973
1146	3.0314e+05	12448.4	0.04107	119.79	3.0339e+05	0.02566	0.01975
1158	4.5164e+05	81772.3	0.18106	120.72	4.5898e+05	0.03881	0.01974
1170	3.3794e+05	-31847.	-0.0942	121.74	3.3943e+05	0.02874	0.01977
1182	3.5364e+05	1.7427e+05	0.49280	122.70	3.9425e+05	0.03335	0.01975
1194	4.4065e+05	1.0427e+05	0.23664	123.69	4.5282e+05	0.03830	0.01975
1206	2.5466e+05	84137.2	0.33039	124.68	2.6820e+05	0.02269	0.01975
1217	5.7299e+05	-12107.	-0.0211	125.62	5.7312e+05	0.04842	0.01973
1229	3.8491e+05	89858.9	0.23345	126.65	3.9526e+05	0.03340	0.01973
1242	3.5972e+05	24836.5	0.06904	127.68	3.6058e+05	0.03048	0.01974
1252	1.9255e+05	-6398.1	-0.0332	128.50	1.9265e+05	0.01629	0.01974
1265	5.2788e+05	1.0749e+05	0.20363	129.65	5.3871e+05	0.04552	0.01973
1276	3.3050e+05	2.2432e+05	0.67873	130.55	3.9944e+05	0.03377	0.01974
1288	2.2750e+05	14878.6	0.06540	131.55	2.2798e+05	0.01928	0.01974
1301	4.0576e+05	33376.9	0.08226	132.65	4.0713e+05	0.03442	0.01974
1313	4.7921e+05	-12907.	-0.0269	133.64	4.7938e+05	0.04051	0.01973
1323	5.4633e+05	-1.724e+05	-0.3155	134.50	5.7288e+05	0.04840	0.01973
1333	5.0391e+05	-1.352e+05	-0.2682	135.31	5.2172e+05	0.04406	0.01972
1345	5.3830e+05	1.6404e+05	0.30473	136.32	5.6274e+05	0.04756	0.01973
1357	4.6663e+05	94502.0	0.20252	137.36	4.7610e+05	0.04019	0.01971
1369	3.6741e+05	-11288.	-0.0307	138.37	3.6758e+05	0.03108	0.01974
1381	5.9369e+05	27175.1	0.04577	139.36	5.9431e+05	0.05021	0.01973